48.000000 2.000000
67.000000 64.000000 
110.000000 115.000000 
92.000000 88.000000 
110.000000 116.000000 
120.000000 118.000000 
109.000000 116.000000 
145.000000 142.000000 
106.000000 112.000000 
64.000000 58.000000 
100.000000 105.000000 
91.000000 86.000000 
97.000000 104.000000 
118.000000 115.000000 
97.000000 103.000000 
151.000000 144.000000 
93.000000 101.000000 
82.000000 77.000000 
109.000000 112.000000 
134.000000 130.000000 
106.000000 110.000000 
47.000000 38.000000 
113.000000 114.000000 
54.000000 47.000000 
152.000000 151.000000 
184.000000 176.000000 
105.000000 111.000000 
175.000000 167.000000 
145.000000 145.000000 
85.000000 83.000000 
164.000000 169.000000 
133.000000 126.000000 
159.000000 167.000000 
110.000000 103.000000 
154.000000 162.000000 
99.000000 93.000000 
143.000000 148.000000 
114.000000 110.000000 
140.000000 146.000000 
96.000000 91.000000 
171.000000 180.000000 
125.000000 115.000000 
166.000000 179.000000 
104.000000 98.000000 
46.000000 51.000000 
74.000000 59.000000 
47.000000 52.000000 
140.000000 135.000000 
41.000000 48.000000 

benA.jpg
bale.jpg
batman
10
20