30.000000 6.000000
90.000000 84.000000 73.000000 74.000000 72.000000 63.000000
108.000000 115.000000 102.000000 111.000000 109.000000 96.000000
306.000000 317.000000 314.000000 303.000000 335.000000 305.000000
112.000000 108.000000 103.000000 114.000000 110.000000 99.000000
368.000000 377.000000 377.000000 370.000000 376.000000 376.000000
81.000000 60.000000 64.000000 76.000000 70.000000 70.000000
148.000000 148.000000 152.000000 135.000000 135.000000 142.000000
68.000000 52.000000 51.000000 59.000000 60.000000 55.000000
335.000000 349.000000 347.000000 336.000000 371.000000 336.000000
117.000000 107.000000 107.000000 111.000000 103.000000 99.000000
60.000000 43.000000 41.000000 43.000000 38.000000 35.000000
113.000000 115.000000 113.000000 114.000000 112.000000 96.000000
119.000000 122.000000 111.000000 108.000000 111.000000 99.000000
115.000000 116.000000 114.000000 115.000000 115.000000 104.000000
276.000000 277.000000 280.000000 269.000000 296.000000 275.000000
118.000000 114.000000 113.000000 115.000000 112.000000 103.000000
271.000000 348.000000 296.000000 269.000000 352.000000 280.000000
46.000000 20.000000 24.000000 31.000000 30.000000 29.000000
176.000000 183.000000 176.000000 174.000000 174.000000 174.000000
43.000000 19.000000 24.000000 30.000000 23.000000 26.000000
20.000000 16.000000 5.000000 16.000000 16.000000 14.000000
90.000000 91.000000 84.000000 87.000000 87.000000 82.000000
240.000000 236.000000 224.000000 214.000000 245.000000 214.000000
46.000000 21.000000 21.000000 33.000000 21.000000 28.000000
230.000000 210.000000 216.000000 203.000000 230.000000 199.000000
111.000000 106.000000 105.000000 105.000000 105.000000 94.000000
113.000000 106.000000 112.000000 103.000000 107.000000 114.000000
60.000000 48.000000 48.000000 60.000000 51.000000 46.000000
301.000000 348.000000 306.000000 305.000000 333.000000 296.000000
71.000000 44.000000 44.000000 55.000000 53.000000 52.000000 
car1.png
car2.png
car3.png
car4.png
car5.png
car6.png
// These are the filenames for the output.  Could be anything indicated
// by this string
//ATLAS_FILE_OUTPUT 
caratlas_out.tif
// other parameters such as kernel width
20.0





