36.000000 2.000000
59.000000 55.000000
96.000000 88.000000
82.000000 82.000000
93.000000 85.000000
105.000000 104.000000
91.000000 87.000000
129.000000 128.000000
90.000000 87.000000
94.000000 93.000000
78.000000 75.000000
96.000000 92.000000
120.000000 110.000000
75.000000 70.000000
141.000000 126.000000
98.000000 92.000000
137.000000 124.000000
97.000000 91.000000
150.000000 133.000000
119.000000 114.000000
138.000000 126.000000
152.000000 149.000000
127.000000 122.000000
159.000000 162.000000
83.000000 87.000000
45.000000 39.000000
133.000000 119.000000
33.000000 28.000000
93.000000 84.000000
100.000000 90.000000
181.000000 159.000000
92.000000 94.000000
34.000000 36.000000
125.000000 129.000000
31.000000 34.000000
50.000000 50.000000
43.000000 42.000000
obama.tif
bush.tif
obama_bush
10
20
