30.000000 4.000000
99.000000 87.000000 102.000000 64.000000 
77.000000 119.000000 92.000000 124.000000 
97.000000 86.000000 81.000000 84.000000 
160.000000 174.000000 145.000000 202.000000 
257.000000 257.000000 264.000000 266.000000 
76.000000 117.000000 123.000000 73.000000 
261.000000 262.000000 242.000000 288.000000 
167.000000 175.000000 184.000000 153.000000 
92.000000 69.000000 73.000000 73.000000 
118.000000 145.000000 114.000000 162.000000 
268.000000 282.000000 276.000000 274.000000 
119.000000 147.000000 163.000000 110.000000 
177.000000 174.000000 152.000000 188.000000 
175.000000 195.000000 180.000000 177.000000 
178.000000 172.000000 188.000000 165.000000 
68.000000 99.000000 90.000000 97.000000 
135.000000 125.000000 139.000000 115.000000 
72.000000 105.000000 86.000000 111.000000 
134.000000 124.000000 114.000000 134.000000 
175.000000 191.000000 170.000000 193.000000 
219.000000 215.000000 223.000000 213.000000 
70.000000 102.000000 100.000000 86.000000 
219.000000 216.000000 192.000000 234.000000 
175.000000 191.000000 191.000000 166.000000 
177.000000 172.000000 172.000000 174.000000 
120.000000 143.000000 139.000000 137.000000 
135.000000 124.000000 128.000000 122.000000 
120.000000 144.000000 126.000000 148.000000 
220.000000 212.000000 218.000000 224.000000 
118.000000 145.000000 146.000000 122.000000 




// For the number of images specified above 0..N-1, each one
// has a file name, given by a string
shape_atlas1.tif
shape_atlas2.tif
shape_atlas3.tif
shape_atlas4.tif
// These are the filenames for the output.  Could be anything indicated
// by this string
//ATLAS_FILE_OUTPUT 
atlas_out.tif
// other parameters such as kernel width
20.0

